7
19127015
01022001
Dinh Hoa Lu
01 02 2001
19CLC2
1
-1
-1
-1
-1
0
1
0
1
0
1
0
1
0
1
1
19127002
20052001
Bong Van Dien
20 05 2001
19CLC1
1
-1
-1
-1
-1
1
1
1
1
1
1
1
1
1
1
1
19127003
13032001
Ly Thi Rieng
13 03 2001
19CLC1
1
-1
-1
-1
-1
1
1
1
1
1
1
1
1
1
1
1
19127004
31072001
I Love You 3000
31 07 2001
19CLC1
1
-1
-1
-1
-1
1
1
1
1
1
1
1
1
1
1
1
19122191
alavodich
Nguyen Van Anh
01 05 2002
18CLC3
1
-1
-1
-1
-1
1
1
1
1
1
1
1
1
1
1
0
19120001
defabc
Nguyen Van Duc
09 12 1999
17CLC5
1
-1
-1
-1
-1
1
1
1
1
1
1
1
1
1
1
0
19127001
29012001
Nguyen Van Teo
29 01 2001
19CLC1
1
-1
-1
-1
-1
0
1
0
1
0
1
0
1
0
1
1