10
19127015
01022001
Dinh Hoa Lu
01 02 2001
19CLC2
1
-1
-1
-1
-1
1
1
1
1
1
1
1
1
1
1
1
19127016
02012001
Nguyen Huynh Khanh Duy
02 01 2001
19CLC2
1
-1
-1
-1
-1
1
1
1
1
1
1
1
1
1
1
1
19127017
01032001
Le Thanh Dat
01 03 2001
19CLC2
1
-1
-1
-1
-1
1
1
1
1
1
1
1
1
1
1
1
19127018
03012001
Tang Tuong Khang
03 01 2001
19CLC2
1
-1
-1
-1
-1
1
1
1
1
1
1
1
1
1
1
1
19127019
08092001
Cuong 7 Nui
08 09 2001
19CLC2
1
-1
-1
-1
-1
1
1
1
1
1
1
1
1
1
1
1
19127020
04052001
Lisa Cai Lay
04 05 2001
19CLC2
0
-1
-1
-1
-1
1
1
1
1
1
1
1
1
1
1
1
19127021
06072001
Tran Duc Bo
06 07 2001
19CLC2
0
-1
-1
-1
-1
1
1
1
1
1
1
1
1
1
1
1
19127022
03122001
Noway
03 12 2001
19CLC2
1
-1
-1
-1
-1
1
1
1
1
1
1
1
1
1
1
1
19127023
10102001
Cara Phuong
10 10 2001
19CLC2
0
-1
-1
-1
-1
1
1
1
1
1
1
1
1
1
1
1
19127024
21122001
Son Tung M-TP
21 12 2001
19CLC2
1
-1
-1
-1
-1
1
1
1
1
1
1
1
1
1
1
1